9 0.23828125 0.05234375 0.265625 0.1046875
9 0.14296875 0.1390625 0.1265625 0.1265625
9 0.26640625 0.0765625 0.1734375 0.103125
9 0.2921875 0.153125 0.1546875 0.2375
9 0.315625 0.203125 0.1265625 0.08125
9 0.3609375 0.23046875 0.1609375 0.1328125
9 0.4296875 0.2875 0.159375 0.0640625
9 0.43984375 0.25859375 0.2140625 0.0953125
9 0.1640625 0.38125 0.328125 0.128125
9 0.378125 0.38359375 0.346875 0.1421875
9 0.2265625 0.5203125 0.1953125 0.2296875
9 0.4375 0.146875 0.3734375 0.10625
9 0.49921875 0.0828125 0.2703125 0.090625
9 0.65703125 0.22890625 0.353125 0.196875
9 0.81953125 0.253125 0.3609375 0.1859375
9 0.66171875 0.33125 0.2015625 0.0828125
9 0.75 0.396875 0.3125 0.0796875
9 0.853125 0.44375 0.11875 0.059375
9 0.86796875 0.52109375 0.2109375 0.084375
9 0.8390625 0.77109375 0.321875 0.30625
9 0.840625 0.265625 0.31875 0.178125
9 0.58359375 0.5296875 0.5703125 0.3046875
9 0.91328125 0.11640625 0.1734375 0.0546875
9 0.81640625 0.0921875 0.16875 0.0515625
9 0.559375 0.0515625 0.140625 0.09375