9 0.3078125 0.5296875 0.153125 0.4296875
9 0.4 0.63515625 0.2890625 0.4765625
9 0.3484375 0.6921875 0.171875 0.3703125
9 0.325 0.4515625 0.1515625 0.3671875
9 0.490625 0.65 0.228125 0.35625
9 0.61171875 0.57578125 0.184375 0.30625
9 0.48046875 0.5546875 0.2953125 0.3
9 0.3640625 0.31171875 0.18125 0.2453125
9 0.54609375 0.390625 0.2421875 0.3265625
9 0.63046875 0.34453125 0.2453125 0.2578125
9 0.68359375 0.47421875 0.221875 0.1453125
9 0.715625 0.33828125 0.23125 0.24375
9 0.6734375 0.24140625 0.2390625 0.3515625
9 0.565625 0.15625 0.2921875 0.1328125
9 0.46796875 0.13515625 0.234375 0.1046875