9 0.03984375 0.23125 0.0796875 0.346875
9 0.62421875 0.84375 0.2828125 0.3125
9 0.61171875 0.69609375 0.209375 0.4515625
9 0.75546875 0.67890625 0.1796875 0.528125
9 0.7296875 0.3375 0.2828125 0.303125
9 0.56015625 0.3453125 0.128125 0.2953125
9 0.434375 0.3359375 0.1359375 0.371875
9 0.3703125 0.29140625 0.10625 0.409375
9 0.28203125 0.28984375 0.103125 0.384375
9 0.20234375 0.46796875 0.1375 0.403125
9 0.2 0.32734375 0.1296875 0.39375
9 0.334375 0.53984375 0.234375 0.2
9 0.3171875 0.6859375 0.196875 0.184375
9 0.4984375 0.5765625 0.1921875 0.38125
9 0.2859375 0.8546875 0.340625 0.290625
9 0.378125 0.86171875 0.1921875 0.2765625
9 0.446875 0.84296875 0.171875 0.3140625
9 0.62421875 0.840625 0.290625 0.31875