9 0.27734375 0.0671875 0.078125 0.1
9 0.428125 0.11640625 0.040625 0.103125
9 0.66875 0.08984375 0.0546875 0.0625
9 0.5796875 0.15 0.0859375 0.0828125
9 0.7859375 0.3328125 0.078125 0.05
9 0.7859375 0.49296875 0.0671875 0.0640625
9 0.6984375 0.68125 0.0703125 0.0796875
9 0.42734375 0.2109375 0.0421875 0.0796875
9 0.47421875 0.23828125 0.05 0.01875
9 0.528125 0.35546875 0.1171875 0.0375
9 0.49140625 0.43984375 0.0859375 0.0328125
9 0.44453125 0.57109375 0.084375 0.0390625
9 0.35625 0.446875 0.0828125 0.0578125
9 0.26875 0.603125 0.025 0.1
9 0.42109375 0.33515625 0.0265625 0.0453125
9 0.40703125 0.72265625 0.0328125 0.1046875
9 0.5484375 0.88359375 0.046875 0.0578125
9 0.4296875 0.93203125 0.0671875 0.0421875
9 0.43515625 0.89609375 0.065625 0.065625
9 0.3046875 0.78828125 0.05 0.0625
9 0.3109375 0.93984375 0.05625 0.1203125
9 0.11015625 0.80859375 0.078125 0.05625